1574788147 0.000000 
1574788153 0.000000 
1574788159 0.000000 
1574788165 0.000000 
1574788171 0.000000 
1574788177 0.000000 
1574788183 0.000000 
1574788189 0.000000 
1574788195 0.000000 
1574788201 0.000000 
1574788207 0.000000 
1574788219 0.000000 
1574788231 0.000000 
1574788243 0.000000 
1574788255 0.000000 
1574788267 0.000000 
1574788279 0.000000 
1574788291 0.000000 
1574788303 0.000000 
1574788315 0.000000 
1574788327 0.000000 
1574788339 0.000000 
1574788351 0.000000 
1574788363 0.000000 
1574788375 0.000000 
