1571918012 0.000000
1571918018 0.000000
1571918024 0.000000
1571918030 0.000000
1571918036 0.000000
1571918042 0.000000
1571918048 0.000000
1571918054 0.000000
1571918060 0.000000
1571918066 0.000000
1571918072 0.000000
1571918078 0.000000
1571918084 0.000000
1571918090 0.000000
1571918096 0.000000
1571918102 0.000000
1571918108 0.000000
1571918114 0.000000
1571918120 0.000000
1571918126 0.000000
1571918132 0.000000
1571918138 0.000000
1571918144 0.000000
1571918150 0.000000
1571918156 0.000000
1571918162 0.000000
1571918168 0.000000
1571918174 0.000000
1571918180 0.000000
1571918186 0.000000
1571918192 0.000000
1571918198 0.000000
1571918204 0.000000
1571918210 0.000000
1571918216 0.000000
1571918222 0.000000
1571918228 0.000000
1571918234 0.000000
1571918240 0.000000
1571918246 0.000000
1571918252 0.000000
1571918258 0.000000
1571918264 0.000000
1571918270 0.000000
